any_success: false
goal_success: false
morsel0:
- [-0.10530059811713158, -0.9694587555607219, 0.22149831896163633, 0.7504932512559723]
- [-0.9938737713710173, 0.09507851882697924, -0.05634715466124722, -0.019027106814125255]
- [0.03356651034774208, -0.22607475870676985, -0.9735314544783596, 0.7950000000000004]
- [0.0, 0.0, 0.0, 1.0]
morsel1:
- [-0.10530059811713158, -0.9694587555607219, 0.22149831896163633, 0.6801578961918922]
- [-0.9938737713710173, 0.09507851882697924, -0.05634715466124722, -0.018180991486490744]
- [0.03356651034774208, -0.22607475870676985, -0.9735314544783596, 0.7950000000000003]
- [0.0, 0.0, 0.0, 1.0]
morsel2:
- [-0.10530059811713158, -0.9694587555607219, 0.22149831896163633, 0.7218157781918972]
- [-0.9938737713710173, 0.09507851882697924, -0.05634715466124722, 0.04070026517388279]
- [0.03356651034774208, -0.22607475870676985, -0.9735314544783596, 0.7950000000000003]
- [0.0, 0.0, 0.0, 1.0]
morsel_perm: {0: 0, 1: 2, 2: 1}
stated_goal: 1
